admin'--
admin' or ''=''--
admin' or 1=1--
'or 1=1--
admins
base
admin'or''='
user
root
ceshi
super1
ceshi123
admin123
sysadmin
test1
test2
test123
user123
'or'='or'
'or''='
adm
1
2
3
4
5
11
0
!root
$ALOC$
$system
1.1
11111111
22222222
30
4Dgifts
7
pobear
master
sys
ADAMS
ADMIN
ADMN
0admin
0manager
ADVMAIL
ALLIN1
ALLIN1MAIL
ALLINONE
AP2SVP
APL2PP
APPLSYS
APPS
AQDEMO
AQUSER
ARCHIVIST
AUTOLOG1
Administrator
Anonymous
Any
admin
Admin
admin123
admin1
root
Root
admin888
test
Test
guest
Guest
administrator
root1
test123
testtest
2019
admin@2019
1
11
111
111111
123456
888888
88888888
123123
qwe
qwe123
qweqwe123
adminqwe
admin123
admin888
000
001
002
003
004
005
006
007
008
009
010
011
012
013
014
015
016
017
018
019
020
021
022
023
024
025
026
027
028
029
030
031
032
033
034
035
036
037
038
039
100
101
102
103
104
105
106
107
108
109
110
111
200
201
202
203
204
205
206
207
208
209
210
211
212
213
214
215
216
217
218
219
220
221
222
223
224
225
226
227
228
229
230
231
232
233
234
235
236
237
238
239
300
301
302
303
304
305
306
307
308
309
310
311
312
313
314
315
316
317
318
319
320
321
322
323
324
325
326
327
328
329
330
331
332
333
334
335
336
337
338
339
10000
10001
10002
10003
10004
10005
10006
10007
10008
10009
10010
10011
10012
10013
10014
10015
10016
10017
10018
10019
10020
10021
10022
10023
10024
10025
10026
10027
10028
10029
10030
10031
10032
10033
10034
10035
10036
10037
10038
10039
10040
10041
10042
10043
10044
10045
10046
10047
10048
10049
10050
10051
10052
10053
10054
10055
10056
10057
10058
10059
10060
10061
10062
10063
10064
10065
10066
10067
10068
10069
10070
10071
10072
10073
10074
10075
10076
10077
10078
10079
10080
10081
10082
10083
10084
10085
10086
10087
10088
10089
10090
10091
10092
10093
10094
10095
10096
10097
10098
10099
20000
20001
20002
20003
20004
20005
20006
20007
20008
20009
20010
20011
20012
20013
20014
20015
20016
20017
20018
20019
20020
20021
20022
20023
20024
20025
20026
20027
20028
20029
20030
20031
20032
20033
20034
20035
20036
20037
20038
20039
20040
20041
20042
20043
20044
20045
20046
20047
20048
20049
20050
20051
20052
20053
20054
20055
20056
20057
20058
20059
20060
20061
20062
20063
20064
20065
20066
20067
20068
20069
20070
20071
20072
20073
20074
20075
20076